Some((
    red: 0.4705882,
    green: 0.66274506,
    blue: 1.0,
))