Some((
    red: 0.08627451,
    green: 0.08627451,
    blue: 0.08627451,
    alpha: 1.0,
))